P2D_box(:,:,1) = [  11 12 13 17 18 20 16 17 20 20
                    10 14 16 16 14 15 15 18 18 19
                     9 12 15 13 13 16 17 18 19 20
                    10 11 12 13 14 15 16 17 19 20
                     9 11 12 14 15 16 16 17 18 20
                     7 11 11 13 13 15 15 16 16 18
                     8 10 10 12 12 11 15 10 12 16
                     6  9 10 11 12 10 12  9  9 17
                     8  7  9 10 11  9  8  8  7 8
                     7  6  8  9  7  8  7  7  7 0 ];
              
P2D_box(:,:,2) = [  3 4 4  6  8  8  8  8 10 12
                    3 6 6  7  7  7  8 10 11 11
                    3 5 6  6  7 10 10 12 14 14
                    4 4 6  8  8 11 11 12 16 16
                    4 6 7 10 10 12 13 13 14 18
                    3 5 7  9 11 12 14 14 15 16
                    4 5 6  8 10 10 13 10 12 16
                    3 5 7  8  9  9 11  9 10 18
                    5 5 6  8  9  8  8  9  9 10
                    4 4 6  7  6  7  7  8 10 0   ];
                
P2D_box(:,:,3) = 0;