size_box(:,:,1) = [  6  6  7  7  7  8  9 11 14 15
                     7  7  7  8  8  9 10 11 14 15
                     7  8  8  9  9 10 11 12 15 16
                     7  8  9 10 10 11 12 14 15 16
                     8  9 10 11 11 12 14 15 16 18
                     9 10 11 12 12 13 15 16 17 18
                     9 10 11 12 13 15 16 17 18 20
                    10 12 12 13 15 16 17 18 19 20
                    12 13 13 16 16 17 18 19 20 20
                    13 16 16 17 17 18 19 20 20 0 ];
                
size_box(:,:,2) = [ 3 4 7 9 10 10 10  9  8 13
                    3 6 8 8  9  9 10 10 10 14
                    4 5 7 7  8  9  8 12 11 15
                    5 6 6 7  8  7 11  7 12 16
                    4 5 6 5  6 10  6 10 14 14
                    3 4 3 7  9 11  8 13 18 16
                    4 5 4 8  9  7 12 13 12 14
                    3 5 6 8  6 11 12 11 16 16
                    4 6 7 8 10 10 10 14 10 18
                    4 6 7 6  8  8 11  8 12 0    ];
                
size_box(:,:,3) = 0;