size_box(:,:,1) = [  6 7 0 9 10 11  0  0  0  0  0  0  0  0  0
                     6 7 8 9 10 11 12 13  0  0  0  0  0  0  0
                     0 7 8 9 10 11 12  0  0  0  0  0  0  0  0
                     0 7 8 9 10 11 12 13 14 15 16 17  0  0  0
                     0 7 8 9 10 11 12 13 14 15 16  0  0  0  0
                     0 7 8 9 10 11 12 13 14 15 16 17 18  0 20
                     0 7 8 9 10 11 12 13  0  0  0  0  0  0  0
                     0 7 8 9 10 11 12  0 14 15 16 17 18  0 20
                     0 0 0 0  0  0 12 13  0 15 16  0 18 19  0
                     0 0 0 0  0  0 12  0  0 15 16 17 18  0 20
                     0 0 0 0  0  0  0  0  0 15 16 17  0  0  0
                     0 0 0 0  0  0  0  0  0 15 16  0 18 19 20
                     0 0 0 0  0  0  0  0  0  0 16  0  0  0  0
                     0 0 0 0  0  0  0  0  0  0 16  0 18 19 20
                     0 0 0 0  0  0  0  0  0  0  0  0  0  0  0
                     0 0 0 0  0  0  0  0  0  0  0 17  0  0 20  ];
                
size_box(:,:,2) = [ 3  3  0  3  3  3  0  0  0  0  0  0  0  0  0
                    4  4  4  4  4  4  4  4  0  0  0  0  0  0  0
                    0  5  5  5  5  5  5  0  0  0  0  0  0  0  0
                    0  6  6  6  6  6  6  6  6  6  6  6  0  0  0
                    0  7  7  7  7  7  7  7  7  7  7  0  0  0  0
                    0  8  8  8  8  8  8  8  8  8  8  8  8  0  8
                    0  9  9  9  9  9  9  9  0  0  0  0  0  0  0
                    0 10 10 10 10 10 10  0 10 10 10 10 10  0 10
                    0  0  0  0  0  0 11 11  0 11 11  0 11 11  0
                    0  0  0  0  0  0 12  0  0 12 12 12 12  0 12
                    0  0  0  0  0  0  0  0  0 13 13 13  0  0  0
                    0  0  0  0  0  0  0  0  0 14 14  0 14 14 14
                    0  0  0  0  0  0  0  0  0  0 15  0  0  0  0
                    0  0  0  0  0  0  0  0  0  0 16  0 16 16 16
                    0  0  0  0  0  0  0  0  0  0  0  0  0  0  0
                    0  0  0  0  0  0  0  0  0  0  0 18  0  0 18 ];